A328151
0 0
1 2
2 5
3 50
4 65
5 1250
6 325
7 31250
8 1105
9 8450
10 8125
11 19531250
12 5525
13 488281250
14 105625
15 211250
16 27625
17 305175781250
18 71825
19 7629394531250
20 138125
21 5281250
22 126953125
23 4768371582031250
24 160225
25 35701250
26 1221025
27 2442050
28 3453125
29 74505805969238281250
30 1795625
31 1862645149230957031250
32 801125
33 3300781250
34 446265625
35 892531250
36 2082925
37 29103830456733703613281250
38 41259765625
39 82519531250
40 4005625
41 18189894035458564758300781250
42 44890625
43 454747350886464118957519531250
44 30525625
45 61051250
46 30994415283203125
47 284217094304040074348449707031250
48 5928325
49 150837781250
50 303460625
51 51574707031250
52 53955078125
53 4440892098500626161694526672363281250
54 35409725
55 557832031250
56 100140625
57 1289367675781250
58 484287738800048828125
59 69388939039072283776476979255676269531250
60 52073125
61 1734723475976807094411924481391906738281250
62 763140625
63 1526281250
64 29641625
65 13945800781250
66 28056640625
67 27105054312137610850186320021748542785644531250
68 33721923828125
69 805854797363281250
70 7586515625
71 16940658945086006781366450013592839241027832031250
72 77068225
73 423516473627150169534161250339820981025695800781250
74 5158830625
75 10317661250
76 47136806640625
77 94273613281250
78 701416015625
79 6617444900424221398971269536559702828526496887207031250
80 148208125
81 2053764050
82 118234311230480670928955078125
83 4135903062765138374357043460349814267829060554504394531250
84 1301828125
85 8716125488281250
86 6295740604400634765625
87 12591481208801269531250
88 62587890625
89 64623485355705287099328804067965847934829071164131164550781250
90 885243125
91 2356840332031250
92 526905059814453125
93 314787030220031738281250
94 108951568603515625
95 217903137207031250
96 243061325
97 25243548967072377773175314089049159349542605923488736152648925781250
98 476962890625
99 953925781250
100 8800358125

A374158
0 0
1 4
2 91
3 28
4 196
5 31213
6 364
7 9604
8 53599
9 2548
10 470596
11 3672178237
12 6916
13 33124
14 29059303
15 124852
16 1983163
17 3360173089
18 48412
19 55365148804
20 18384457
21 6117748
22 1623076
23 50827673631578844637
24 214396
25 1302924259
26 3418797938647
27 629356
28 900838393
29 5979824975081619492698413
30 2372188
31 79530724
32 85276009
33 14688712948
34 8208533850691447
35 63843288691
36 1500772
37 274299844
38 1363454074150441
39 719746934452
40 11957764
41 82768474891817363814638656809912013
42 116237212
43 1839946146178959843907204
44 2162912981593
45 30838444
46 965725798999998048103
47 46509120769920333889
48 7932652
49 190953268324
50 40390652029
51 1728112389619252
52 13440692356
53 1145622232166401537397118576942866635473045613
54 19510036
55 153287736147091
56 33331020541
57 84677507091343348
58 9356710147876
59 160409008369725233209
60 73537828
61 25467223043636111942965740556896004
62 8936757492481
63 1511083756
64 4178524441
65 7511099071207459
66 279085546012
67 585930436
68 254464549371434857
69 203310694526315378548
70 1979141949421
71 1908138978778726524649
72 55528564
73 2271477008164
74 654977518927334407529418775255447
75 5211697036
76 22465461065050276
77 25905627408858379
78 13675191754588
79 352499148358892780737574946751651272453244804
80 29249671087
81 370690684
82 32271102346756
83 25821569335380974412025956711443621211157516573894697346324593483376637
84 3603353572
85 1100807592187463524
86 77057450124281965711428589490028084103
87 437901117131569
88 80027780318941
89 3037881810738236258600441781144630591871470667402137248097742098725777966413
90 955991764
91 1269375743034060571
92 29937499768999939491193
93 4581441688047722385682249
94 28710591364
95 883673294628486343891
96 341104036
97 1581284014991044
98 334474989452149
99 3628112098156
100 1494454125073

A374286
0 2
1 0
2 4
3 28
4 1729
5 196
6 364
7 1529437
8 9604
9 2548
10 593047
11 470596
12 6916
13 68574961
14 33124
15 124852
16 1983163
17 1129900996
18 48412
19 21169376772835837
20 18384457
21 6117748
22 69771386503
23 1623076
24 214396
25 1302924259
26 3418797938647
27 629356
28 900838393
29 6513654391641796
30 2372188
31 293011423778999355142222237
32 79530724
33 14688712948
34 8208533850691447
35 63843288691
36 1500772
37 34472500996175495133127303960813
38 274299844
39 719746934452
40 18384457
41 11957764
42 116237212
43 949165729998374161
44 2162912981593
45 30838444
46 66809249633371609
47 90157361162769032351452996
48 7932652
49 10789515788779
50 40390652029
51 1728112389619252
52 105982736098057
53 13440692356
54 19510036
55 153287736147091
56 33331020541
57 84677507091343348
58 111668398968578721667489
59 9356710147876
60 73537828
61 38941611811810745401
62 5567217051800987747702222503
63 1511083756
64 4178524441
65 7511099071207459
66 279085546012
67 7860041410116536427241
68 585930436
69 203310694526315378548
70 1979141949421
71 2996193323860744933977976410778257974596
72 55528564
73 13137675470254318025458413361
74 2271477008164
75 5211697036
76 12468762919200307993
77 22465461065050276
78 13675191754588
79 10754506178834225077895025702392178763497507944146063034704120567837
80 29249671087
81 370690684
82 1572601022944529912478134479388328247
83 32271102346756
84 3603353572
85 18034148869969109059
86 1100807592187463524
87 23919299900326477970793652
88 80027780318941
89 41471172305275376760994954910385020552851797945796
90 955991764
91 1269375743034060571
92 29937499768999939491193
93 1172045695115997420568888948
94 4581441688047722385682249
95 28710591364
96 341104036
97 17512784100425595121816085380384347580651245974910508209971111748476463546555628813
98 334474989452149
99 3628112098156
100 1494454125073

A374159
0 0
1 8
2 32
3 128
4 352
5 704
6 1408
7 2816
8 5632
9 11264
10 16192
11 45056
12 32384
13 123904
14 64768
15 178112
16 129536
17 2883584
18 259072
19 1982464
20 469568
21 712448
22 1036288
23 184549376
24 939136
25 21551552
26 4145152
27 2849792
28 1878272
29 11811160064
30 5165248
31 16386304
32 3756544
33 11399168
34 66322432
35 86206208
36 7513088
37 495685696
38 265289728
39 45596672
40 15026176
41 48378511622144
42 20660992
43 129922760704
44 30052352
45 118800704
46 4244635648
47 15352201216
48 34748032
49 262180864
50 624995008
51 729546752
52 120209408
53 198158383604301824
54 82643968
55 1379299328
56 69496064
57 2918187008
58 1048723456
59 464404086784
60 165287936
61 532163627843584
62 262217733184
63 475202816
64 138992128
65 5517197312
66 330575872
67 3445220416
68 1923350528
69 46690992128
70 2499980032
71 424958764662784
72 277984256
73 239911876864
74 69544110456832
75 14374885184
76 7693402112
77 166895218688
78 1322303488
79 2179742219647320064
80 555968512
81 1900811264
82 31723884544
83 212770944252174734748286976
84 764456704
85 67118301184
86 4450823069237248
87 1048870932736
88 1111937024
89 13617340432139183023890366464
90 3801622528
91 667580874752
92 123094433792
93 11952893984768
94 13780881664
95 353100627968
96 1494165376
97 126895538176
98 302497583872
99 7603245056
100 19999840256

A374285
0 5
1 0
2 9
3 81
4 297
5 891
6 1683
7 8019
8 5049
9 18513
10 15147
11 88209
12 31977
13 1185921
14 136323
15 166617
16 95931
17 7144929
18 351747
19 4261625379
20 287793
21 1499553
22 11042163
23 2832489
24 863379
25 20160657
26 99379467
27 5979699
28 2590137
29 46877879169
30 3165723
31 2264802453041139
32 3933171
33 121463793
34 8049736827
35 181445913
36 9497169
37 1651040988266990331
38 342731169
39 1093174137
40 11799513
41 113614281
42 28491507
43 630247042161
44 209801097
45 53817291
46 941480149401
47 24912826983452529
48 35398539
49 21954955473
50 383052483
51 88547105097
52 1888209873
53 3084580521
54 161451873
55 14697118953
56 106195617
57 796923945873
58 459450093735369
59 18583960329
60 129794643
61 1531578985264449
62 38501641701699363
63 484355619
64 169126353
65 132274070577
66 2307812067
67 686339028913329
68 1022528529
69 64550839615713
70 3447472347
71 1072415512477952632607409
72 389383929
73 334939118333084001
74 373234243041
75 6511892211
76 1376504997417
77 1505300786649
78 20770308603
79 180655235950867239608546145807801808179
80 507379059
81 3067585587
82 2273483440843645685787
83 249851022201
84 1168151787
85 10714199716737
86 13547707079841
87 47057562079854777
88 8601844977
89 569925572366795625025514046369
90 2206508931
91 16005162539817
92 111496904790777
93 423518058718692993
94 1116521080257783321
95 9202756761
96 1522137177
97 69989539852495365943223116387923876539792379531
98 417144153987
99 39232805139
100 15705151803

A374090
0 0
1 3
2 7
3 147
4 91
5 7203
6 637
7 352947
8 1729
9 24843
10 31213
11 847425747
12 12103
13 41523861603
14 405769
15 1217307
16 53599
17 99698791708803
18 157339
19 4885240793731347
20 593047
21 59648043
22 3672178237
23 11729463145748964147
24 375193
25 205724883
26 2989441
27 8968323
28 29059303
29 1379959609634219882930403
30 7709611
31 67618020872076774263589747
32 1983163
33 143214951243
34 3360173089
35 10080519267
36 4877509
37 7955192537578960415337070144803
38 2339177536969
39 7017532610907
40 18384457
41 19100417282727083957224305417672003
42 377770939
43 935920446853627113903990965465928147
44 146482609
45 439447827
46 50827673631578844637
47 2247144992895558700483482308083693480947
48 13882141
49 1703607756123
50 1302924259
51 16849095798787707
52 3418797938647
53 264374361269169585553181210063738454339933603
54 92672671
55 24203326760067
56 900838393
57 825605694140597643
58 5979824975081619492698413
59 31103379228956532570746216182788765414638848459347
60 238997941
61 1524065582218870095966564592956649505317303574508003
62 7177647841
63 21532943523
64 85276009
65 1185963011243283
66 907028024539
67 179304791682467847920370357796756857651075448237292044947
68 8208533850691447
69 1982279271631574940843
70 63843288691
71 430510804829605302856809229070013215220232151217738199917747
72 180467833
73 21095029436650659839983652224430647545791375409669171795969603
74 24755560921
75 74266682763
76 1363454074150441
77 4090362222451323
78 44444373202411
79 2481809118192513479514236700552041253114809525572168392624027823347
80 680224909
81 8618558403
82 82768474891817363814638656809912013
83 5958823692780224864313682318025451048728657670898776310690290803856147
84 11710899109
85 2847497189995122483
86 77737724676061053405079369
87 233213174028183160215238107
88 2162912981593
89 701049648631900675061640411033376290431877846323570134176402022782871838403
90 4540960879
91 200427748900114827
92 965725798999998048103
93 11427445527380974850546667243
94 46509120769920333889
95 139527362309761001667
96 596932063
97 4041411715482829643496019703165618672457979840363963433070256557340722356897452803
98 10789515788779
99 51700597398723
100 40390652029

A374094
0 0
1 7
2 91
3 637
4 1729
5 31213
6 12103
7 405769
8 53599
9 157339
10 593047
11 3672178237
12 375193
13 2989441
14 29059303
15 7709611
16 1983163
17 3360173089
18 4877509
19 2339177536969
20 18384457
21 377770939
22 146482609
23 50827673631578844637
24 13882141
25 1302924259
26 3418797938647
27 92672671
28 900838393
29 5979824975081619492698413
30 238997941
31 7177647841
32 85276009
33 907028024539
34 8208533850691447
35 63843288691
36 180467833
37 24755560921
38 1363454074150441
39 44444373202411
40 680224909
41 82768474891817363814638656809912013
42 11710899109
43 77737724676061053405079369
44 2162912981593
45 4540960879
46 965725798999998048103
47 46509120769920333889
48 596932063
49 10789515788779
50 40390652029
51 106710940058988811
52 1213022485129
53 1145622232166401537397118576942866635473045613
54 3428888827
55 153287736147091
56 33331020541
57 5228836062890451739
58 844443090845809
59 160409008369725233209
60 8842923817
61 1075990173593625729590302538528856169
62 8936757492481
63 222507083071
64 4178524441
65 7511099071207459
66 28117868760709
67 140769787249
68 254464549371434857
69 12554435386999974625339
70 1979141949421
71 1908138978778726524649
72 7760116819
73 205000799986801
74 654977518927334407529418775255447
75 767422388551
76 2027507861120787409
77 25905627408858379
78 1377775569274741
79 14893089018163219986162541500257266261149592969
80 29249671087
81 106295553637
82 2912466986794729
83 25821569335380974412025956711443621211157516573894697346324593483376637
84 433303267033
85 18034148869969109059
86 77057450124281965711428589490028084103
87 437901117131569
88 80027780318941
89 3037881810738236258600441781144630591871470667402137248097742098725777966413
90 168015552523
91 1269375743034060571
92 29937499768999939491193
93 4581441688047722385682249
94 6897719575201
95 883673294628486343891
96 36412855843
97 142710882352941721
98 334474989452149
99 534239506453471
100 1494454125073

A300419
0 0
1 3
2 91
3 637
4 1729
5 24843
6 12103
7 405769
8 53599
9 157339
10 593047
11 59648043
12 375193
13 2989441
14 8968323
15 7709611
16 1983163
17 3360173089
18 4877509
19 2339177536969
20 18384457
21 377770939
22 146482609
23 439447827
24 13882141
25 1302924259
26 3418797938647
27 92672671
28 900838393
29 825605694140597643
30 238997941
31 7177647841
32 85276009
33 907028024539
34 8208533850691447
35 63843288691
36 180467833
37 24755560921
38 74266682763
39 44444373202411
40 680224909
41 8618558403
42 11710899109
43 2847497189995122483
44 2162912981593
45 4540960879
46 200427748900114827
47 46509120769920333889
48 596932063
49 10789515788779
50 40390652029
51 106710940058988811
52 1213022485129
53 3639067455387
54 3428888827
55 153287736147091
56 33331020541
57 5228836062890451739
58 844443090845809
59 2533329272537427
60 8842923817
61 116824835435432236203
62 8936757492481
63 222507083071
64 4178524441
65 7511099071207459
66 28117868760709
67 140769787249
68 422309361747
69 12554435386999974625339
70 1979141949421
71 1908138978778726524649
72 7760116819
73 205000799986801
74 615002399960403
75 767422388551
76 2027507861120787409
77 25905627408858379
78 1377775569274741
79 14893089018163219986162541500257266261149592969
80 29249671087
81 106295553637
82 2912466986794729
83 8737400960384187
84 433303267033
85 18034148869969109059
86 298043655584755749123
87 437901117131569
88 80027780318941
89 5256471089693654004456110534891301355073965389629643
90 168015552523
91 1269375743034060571
92 29937499768999939491193
93 4581441688047722385682249
94 6897719575201
95 20693158725603
96 36412855843
97 142710882352941721
98 334474989452149
99 534239506453471
100 1494454125073

A198799
0 2
1 0
2 49
3 637
4 1729
5 8281
6 12103
7 1529437
8 53599
9 157339
10 593047
11 19882681
12 375193
13 68574961
14 2989441
15 7709611
16 1983163
17 47738317081
18 4877509
19 21169376772835837
20 18384457
21 377770939
22 69771386503
23 146482609
24 13882141
25 1302924259
26 3418797938647
27 92672671
28 900838393
29 275201898046865881
30 238997941
31 293011423778999355142222237
32 85276009
33 907028024539
34 8208533850691447
35 63843288691
36 180467833
37 34472500996175495133127303960813
38 24755560921
39 44444373202411
40 680224909
41 2872852801
42 11710899109
43 949165729998374161
44 2162912981593
45 4540960879
46 66809249633371609
47 3809148509126991616848889081
48 596932063
49 10789515788779
50 40390652029
51 106710940058988811
52 105982736098057
53 1213022485129
54 3428888827
55 153287736147091
56 33331020541
57 5228836062890451739
58 111668398968578721667489
59 844443090845809
60 8842923817
61 38941611811810745401
62 5567217051800987747702222503
63 222507083071
64 4178524441
65 7511099071207459
66 28117868760709
67 7860041410116536427241
68 140769787249
69 12554435386999974625339
70 1979141949421
71 126589167933116473460569503355381399426681
72 7760116819
73 13137675470254318025458413361
74 205000799986801
75 767422388551
76 12468762919200307993
77 25905627408858379
78 1377775569274741
79 10754506178834225077895025702392178763497507944146063034704120567837
80 29249671087
81 106295553637
82 1572601022944529912478134479388328247
83 2912466986794729
84 433303267033
85 18034148869969109059
86 99347885194918583041
87 1477016768845160014696508011
88 80027780318941
89 1752157029897884668152036844963767118357988463209881
90 168015552523
91 1269375743034060571
92 29937499768999939491193
93 72373821673412840720128892539
94 4581441688047722385682249
95 6897719575201
96 36412855843
97 17512784100425595121816085380384347580651245974910508209971111748476463546555628813
98 334474989452149
99 534239506453471
100 1494454125073

A374288
0 2
1 0
2 9
3 81
4 189
5 441
6 1449
7 10206
8 3969
9 12789
10 13041
11 35721
12 30429
13 194481
14 117369
15 115101
16 186921
17 2893401
18 273861
19 5423886846
20 378189
21 1035909
22 9506889
23 2099601
24 882441
25 5639949
26 85562001
27 6765381
28 3403701
29 18983603961
30 3925341
31 2882475849325086
32 5420709
33 83908629
34 6930522081
35 50759541
36 7941969
37 2101324894157987694
38 102880449
39 755177661
40 15505749
41 170067681
42 35328069
43 103355177121
44 275699781
45 60888429
46 62523502209
47 10088665472637801
48 36180081
49 2487217509
50 192341709
51 61169390541
52 2481298029
53 925924041
54 230317101
55 4111522821
56 139551741
57 550524514869
58 75345924121209
59 13775482161
60 113834889
61 16679880978201
62 33148472267238489
63 547995861
64 222249069
65 37003705389
66 2861573589
67 45579633110361
68 1765764441
69 44592485704389
70 1731075381
71 434283967862972553700521
72 325620729
73 54927178684361361
74 45370278009
75 2983533021
76 1808866263141
77 201464618229
78 25754162301
79 229924845755649214047240549209929574046
80 759781701
81 4931962749
82 1957384138908165536961
83 74999847321
84 1024514001
85 2997300136509
86 10042326495369
87 32507922078499581
88 11303691021
89 230796306165065996911158580761
90 2496425589
91 1813181564061
92 146518167314421
93 292571298706496229
94 12159633233108529
95 15891879969
96 1783413261
97 89077596175903193018647602675539479232463028494
98 84822693669
99 44387664741
100 5577909561

A374160
0 0
1 12
2 60
3 180
4 540
5 1620
6 2700
7 8100
8 12420
9 20700
10 37260
11 1180980
12 62100
13 476100
14 335340
15 186300
16 310500
17 1822500
18 558900
19 53144100
20 931500
21 1676700
22 4284900
23 324860625
24 1925100
25 4657500
26 244462860
27 12854700
28 8383500
29 5262742125
30 5775300
31 38564100
32 9625500
33 135812700
34 1696494375
35 41917500
36 17325900
37 107122500
38 3053689875
39 1222314300
40 28876500
41 665846679375
42 51977700
43 5253116625
44 679063500
45 132831900
46 15268449375
47 12019843125
48 71228700
49 1047937500
50 144382500
51 79735235625
52 964102500
53 15759349875
54 398495700
55 3395317500
56 259888500
57 143523424125
58 28113228900
59 194721458625
60 213686100
61 5920584890625
62 56667802500
63 1195487100
64 356143500
65 30557857500
66 4210193700
67 4117788900
68 89914201875
69 717617120625
70 1299442500
71 20759414062500
72 641058300
73 24102562500
74 112986525375
75 3320797500
76 161845563375
77 84882937500
78 37891743300
79 479567376140625
80 1068430500
81 10759383900
82 78092302500
83 16249492366875
84 1923174900
85 351958813875
86 246896481375
87 510010222500
88 21050968500
89 4316106385265625
90 4914780300
91 763946437500
92 809227816875
93 709170744375
94 37060100100
95 22276678117500
96 3205291500
97 702830722500
98 32486062500
99 96834455100
100 5342152500

A374161
0 0
1 20
2 140
3 700
4 1540
5 17500
6 7700
7 122500
8 26180
9 53900
10 192500
11 7035875
12 130900
13 592900
14 4812500
15 1347500
16 602140
17 150062500
18 916300
19 879484375
20 3272500
21 33687500
22 14822500
23 7015421875
24 3010700
25 66027500
26 809125625
27 10079300
28 81812500
29 549266265625
30 22907500
31 370562500
32 15053500
33 3721977875
34 6454188125
35 1650687500
36 21074900
37 726302500
38 20228140625
39 18609889375
40 75267500
41 505324964375
42 572687500
43 16203620125
44 13431485375
45 251982500
46 161354703125
47 301663140625
48 105374500
49 80883687500
50 1122467500
51 148446326875
52 18157562500
53 81018100625
54 231823900
55 1031679687500
56 1881687500
57 465247234375
58 5790039062500
59 12633124109375
60 526872500
61 11622474180625
62 87882602500
63 6299562500
64 647300500
65 9844631479375
66 277530089375
67 4283702500
68 535697614375
69 3711158171875
70 28061687500
71 275854735351562500
72 906220700
73 889720562500
74 950722609375
75 12347142500
76 1678935671875
77 50552304687500
78 1544620818125
79 3356988983154296875
80 3236502500
81 3941006300
82 11348476562500
83 16060545606875
84 13171812500
85 988420827625
86 372683262875
87 2197065062500
88 1176054687500
89 2035374805556640625
90 5795597500
91 1263807617187500
92 13392440359375
93 14178167609375
94 107092562500
95 246115786984375
96 4531103500
97 283711914062500
98 1375022687500
99 3937226562500
100 25816752500

A374091
0 0
1 5
2 11
3 605
4 209
5 73205
6 2299
7 8857805
8 6061
9 218405
10 278179
11 129687123005
12 66671
13 15692141883605
14 5285401
15 26427005
16 187891
17 229748649317860805
18 1266749
19 27799586567461157405
20 8067191
21 3197667605
22 492811067419
23 407013746934198805566605
24 2066801
25 9540148805
26 36735721
27 183678605
28 976130111
29 721049680532496170188380320405
30 153276629
31 87247011344432036592794018769005
32 7703531
33 46817051404805
34 230871601081
35 1154358005405
36 39269219
37 154563402664353363178366764684437266805
38 1132972643996281
39 5664863219981405
40 250082921
41 2262962778408797590294467801744846023292005
42 18546472109
43 273818496187464508425630604011126368818332605
44 4445022241
45 22225111205
46 1546652238349955461153099
47 4008976602680667867859657673326901165869207669805
48 84738841
49 416723239951205
50 55332863069
51 82939262403747750605
52 1729274035573271
53 7102146599221566648653323007416678356308419408727415605
54 1138807351
55 16900955557134605
56 30260033441
57 10035650750853477823205
58 2739988786023485446715845217539
59 12581885931463557833654929560342098125580099796144549116609405
60 4751575499
61 1522408197707090497872246476801393873195192075333490443109738005
62 537847691161
63 2689238455805
64 454508329
65 2045015622413287205
66 271538898147869
67 2697038989138170949501054840688754131391547668169873662885930569875805
68 25318301154828260711
69 146931962643245768809544405
70 6695276431349
71 39487347839971960871644943922524049237703649409675120298312909473551661005
72 1610037979
73 4777969088636607265469038214625409957762141578570689556095862046299750981605
74 1604653029001
75 8023265145005
76 1220248991225118481
77 6101244956125592405
78 32856206675892149
79 8464463696634156603821594808540005890183057297074269360686741462604833148723135405
80 10253399761
81 176515139405
82 8599258557953430843118977646630414888509619
83 123928212982420686836551969591834226238170141886464377709814581753997362130455425464605
84 574940635379
85 29941073727752937968405
86 52059786934446223487601059133241
87 260298934672231117438005295666205
88 443037149609681
89 219546388919350174392848843802079433668718934730526719439976830266693320853191743991501098405
90 137795689471
91 738250639691196681005
92 44852914912148708373439871
93 31496171095339965209998640775610805
94 724573984211621098835401
95 3622869921058105494177005
96 4999591619
97 47061718256342702630005932559557532874340315552347744119754380001895311828264147520456648964366684805
98 2416994791716989
99 39373140231441005
100 1715318755139

A374095
0 0
1 11
2 209
3 2299
4 6061
5 278179
6 66671
7 5285401
8 187891
9 1266749
10 8067191
11 492811067419
12 2066801
13 36735721
14 976130111
15 153276629
16 7703531
17 230871601081
18 39269219
19 1132972643996281
20 250082921
21 18546472109
22 4445022241
23 1546652238349955461153099
24 84738841
25 55332863069
26 1729274035573271
27 1138807351
28 30260033441
29 2739988786023485446715845217539
30 4751575499
31 537847691161
32 454508329
33 271538898147869
34 25318301154828260711
35 6695276431349
36 1610037979
37 1604653029001
38 1220248991225118481
39 32856206675892149
40 10253399761
41 8599258557953430843118977646630414888509619
42 574940635379
43 52059786934446223487601059133241
44 443037149609681
45 137795689471
46 44852914912148708373439871
47 724573984211621098835401
48 4999591619
49 2416994791716989
50 1715318755139
51 481047721941736953509
52 194163016509121
53 26988157077041953264882627428183377753971993753164179299
54 46691101391
55 98025542231380709
56 1240661371081
57 58206774354950171374589
58 952829993600872321
59 2161745523143762121318841
60 194814595459
61 163385912601115186019260575285977882881682761
62 1349513197389841
63 16673278425991
64 27725008069
65 11861090609997065789
66 8417705842583939
67 4271666373601
68 784867335799676082041
69 852205383330825459095357549
70 207553569371819
71 19241912323039288533050521
72 94992240761
73 70092848959792681
74 17032886973611740622256017468224986801911
75 49744243899031
76 13950383936310371651761
77 35387220745528435949
78 1018542406952656619
79 512774984463797112032769921135484177325467881310119406681
80 604950585899
81 1447424143121
82 2842740724710040561
83 470927209333198609978897484448970059705046539168564635297295410665189976095730616765499
84 23572566050539
85 173658227620967040216749
86 30174798279858588828504492562026125843780253071
87 163291096884170761
88 18164523133996921
89 834276277893530662692825606447901847941131951976001533871911955013434619242128627167704173939
90 5649623268311
91 4281853710208940749829
92 1390440362276609959576636001
93 281720838321618223412392677961
94 516871631205721
95 21012645542137011866226629
96 304975088759
97 343971627689914907881
98 74926838543226659
99 244113469434934231
100 70328068960699

A374275
0 2
1 0
2 121
3 2299
4 6061
5 43681
6 66671
7 33659659
8 187891
9 1266749
10 8067191
11 639533521
12 2066801
13 1908029761
14 36735721
15 153276629
16 7703531
17 9363410280961
18 39269219
19 105638428956352398139
20 250082921
21 18546472109
22 14291520955151
23 4445022241
24 84738841
25 55332863069
26 1729274035573271
27 1138807351
28 30260033441
29 2007130150170695564641
30 4751575499
31 331538643108841739052617271322219
32 454508329
33 271538898147869
34 25318301154828260711
35 6695276431349
36 1610037979
37 587340930124542780077793705800861613859
38 1604653029001
39 32856206675892149
40 10253399761
41 35303027881
42 574940635379
43 5988214745550587593681
44 443037149609681
45 137795689471
46 147650127938239336201
47 6299234219067993041999728155122161
48 4999591619
49 2416994791716989
50 1715318755139
51 481047721941736953509
52 53607495102771401
53 194163016509121
54 46691101391
55 98025542231380709
56 1240661371081
57 58206774354950171374589
58 10608487702842344508049106041
59 952829993600872321
60 194814595459
61 159024068785448665562401
62 9614620650156410432525900868344351
63 16673278425991
64 27725008069
65 11861090609997065789
66 8417705842583939
67 261571208300395216679579761
68 4271666373601
69 852205383330825459095357549
70 207553569371819
71 289448110713544220059467284014202264175756793759921
72 94992240761
73 18793583083335086679023982347100001
74 70092848959792681
75 49744243899031
76 94968947631760805926961
77 35387220745528435949
78 1018542406952656619
79 32164962047209795094522060272452022382695617728882223570609617557898365965147914539
80 604950585899
81 1447424143121
82 249378498180649494450450351752282031766778951
83 2842740724710040561
84 23572566050539
85 173658227620967040216749
86 1687996456293554969863081
87 1509733821098940481140430714863989
88 18164523133996921
89 908412164251668875589885914256699484666883205281636446219199041
90 5649623268311
91 4281853710208940749829
92 1390440362276609959576636001
93 182677792352971798217992116498542669
94 281720838321618223412392677961
95 516871631205721
96 304975088759
97 178834529374102269994022543726318624922493199098921427655066644007202184947403760577735266064593402259
98 74926838543226659
99 244113469434934231
100 70328068960699
